venta_detalle_key    tiempo_key  producto_id cliente_id  provincia_id canton_id   distrito_id almacen_id  estado_venta_id metodo_pago_id venta_id    detalle_venta_id cantidad    precio_unitario costo_unitario descuento_porcentaje descuento_monto subtotal       impuesto       monto_total    margen         es_primera_compra venta_cancelada fecha_carga            
-------------------- ----------- ----------- ----------- ------------ ----------- ----------- ----------- --------------- -------------- ----------- ---------------- ----------- --------------- -------------- -------------------- --------------- -------------- -------------- -------------- -------------- ----------------- --------------- -----------------------
                   1    20250606         490       11716            1          13          86           5              24             57           1                2           1         1741.31         996.38                 5.00           87.07        1654.24         215.05        1869.29         744.93                 0               0 2025-11-25 19:47:19.740
                   2    20250606          93       11716            1          13          86           5              24             57           1                3           3        24495.85       14380.93                  .00             .00       73487.55        9553.38       83040.93       30344.76                 0               0 2025-11-25 19:47:19.753
                   3    20250119         213        4454            4          48         313           2              24             56           2                4           2        18939.34       12488.79                10.00         3787.87       34090.81        4431.81       38522.62       12901.10                 0               0 2025-11-25 19:47:19.757
                   4    20250721         259        7435            6          69         430           5              24             59           3                5           5        23408.98       14916.73                  .00             .00      117044.90       15215.84      132260.74       42461.25                 0               0 2025-11-25 19:47:19.757
                   5    20250721         196        7435            6          69         430           5              24             59           3                6           2        20819.96       13048.12                  .00             .00       41639.92        5413.19       47053.11       15543.68                 0               0 2025-11-25 19:47:19.757
                   6    20250721         473        7435            6          69         430           5              24             59           3                7           1        32020.94       15042.12                 5.00         1601.05       30419.89        3954.59       34374.48       16978.82                 0               0 2025-11-25 19:47:19.760
                   7    20250910         203       11291            4          45         295           1              24             60           4                8           1        11595.28        7463.52                  .00             .00       11595.28        1507.39       13102.67        4131.76                 0               0 2025-11-25 19:47:19.760
                   8    20250426          13        7926            4          49         317           5              24             59           5                9           1        34399.55       22973.02                 5.00         1719.98       32679.57        4248.34       36927.91       11426.53                 0               0 2025-11-25 19:47:19.760
                   9    20250920         171        3973            5          59         365           3              24             59           6               10           1        10747.62        7344.96                  .00             .00       10747.62        1397.19       12144.81        3402.66                 0               0 2025-11-25 19:47:19.760
                  10    20240115         233        6691            6          68         429           4              24             59           7               11           3         9882.41        7274.79                  .00             .00       29647.23        3854.14       33501.37        7822.86                 0               0 2025-11-25 19:47:19.760

(10 rows affected)
